1 10
2 11
3 12
3 14
3 30
4 11
4 13
4 15
4 17
4 31
5 14
5 16
5 18
5 30
6 15
6 19
7 11
7 16
7 18
7 20
7 21
7 25
8 3
8 6
8 12
8 14
8 17
8 19
8 21
8 22
9 2
9 4
9 12
9 13
9 15
9 16
9 17
9 18
9 19
9 20
9 21
9 22
9 23
9 24
9 26
9 28
9 30
10 1
10 3
10 5
10 7
10 8
10 14
10 16
10 19
10 20
10 21
10 23
10 24
11 2
11 4
11 6
11 15
11 17
11 18
11 20
11 21
11 22
11 23
11 24
11 25
11 26
11 28
11 30
12 3
12 6
12 7
12 9
12 10
12 14
12 16
12 18
12 21
12 23
12 24
12 25
13 4
13 6
13 7
13 8
13 9
13 11
13 17
13 19
13 20
13 21
13 22
13 23
13 24
13 25
13 26
13 28
13 30
14 1
14 3
14 5
14 7
14 8
14 9
14 10
14 11
14 18
14 20
14 21
14 23
14 25
14 27
15 9
15 11
15 19
15 21
15 22
15 24
15 26
15 28
15 30
16 10
16 11
16 12
16 14
16 20
16 22
16 25
16 27
16 29
17 7
17 9
17 11
17 12
17 13
17 14
17 20
17 21
17 22
17 23
17 24
17 25
17 26
17 28
17 30
18 8
18 10
18 12
18 14
18 22
18 24
18 27
18 31
19 11
19 13
19 14
19 15
19 23
19 28
20 5
20 6
20 7
20 9
20 10
20 11
20 12
20 14
20 16
20 24
20 29
21 11
21 15
21 17
21 30
22 3
22 8
22 9
22 10
22 11
22 12
22 13
22 15
22 16
22 17
22 18
22 19
22 20
22 31
23 9
23 11
23 13
23 14
23 17
23 19
23 30
24 27
24 29
24 31
