1 24
3 17
23 31
8 17
30 21
25 24
18 28
25 19
14 10
18 8
14 7
7 30
15 10
23 4
24 3
28 17
28 20
20 29
11 1
20 5
0 27
7 19
20 2
29 27
19 9
10 25
26 13
29 18
4 14
22 14
6 0
9 24
26 7
17 26
17 11
24 8
26 21
26 25
13 27
22 10
9 18
11 7
22 17
12 29
16 30
15 6
7 26
29 15
0 25
10 0
9 6
12 6
29 8
1 31
27 12
9 23
23 10
22 6
5 20
16 24
0 8
20 10
13 22
15 30
12 28
4 3
20 7
22 5
28 10
6 19
18 9
21 1
14 29
21 17
21 13
15 29
16 28
29 24
8 27
25 9
17 10
23 8
26 5
30 12
0 24
20 28
28 12
16 3
1 14
19 16
20 11
20 18
0 30
31 8
30 15
3 16
29 6
20 1
5 18
9 17
12 3
21 29
23 9
23 21
25 8
26 12
28 5
6 29
24 19
30 7
2 10
31 21
3 19
15 2
1 12
7 25
14 8
16 0
16 25
17 14
18 14
31 10
25 1
0 19
15 7
16 29
19 11
16 15
21 6
31 13
14 3
0 13
10 20
29 23
18 31
1 9
2 18
8 22
27 11
29 5
29 28
11 23
26 4
30 23
0 21
10 23
12 31
23 7
8 19
30 10
26 18
4 31
6 26
16 27
2 22
21 8
3 11
11 3
24 16
26 9
5 19
31 20
27 17
3 24
0 23
7 29
10 1
27 21
30 19
27 2
31 16
22 16
2 12
8 18
13 0
14 12
28 25
31 18
17 12
1 11
6 21
26 6
1 13
28 3
4 24
8 30
9 30
22 19
29 26
6 23
5 1
13 29
10 7
5 15
9 21
12 10
12 25
18 1
20 16
27 4
29 13
22 30
31 11
7 2
7 4
21 16
31 14
18 11
18 26
3 27
13 31
18 17
5 0
6 5
13 2
14 6
26 20
27 25
0 26
1 30
5 3
5 30
10 18
19 2
27 10
5 28
15 25
26 24
12 20
17 8
0 22
2 14
15 12
25 6
9 3
17 31
19 1
23 15
6 14
17 13
24 12
24 20
28 24
5 26
30 29
18 7
3 21
4 1
7 17
9 5
15 13
19 10
30 20
2 25
7 0
15 3
2 27
4 17
6 17
18 30
10 4
10 24
21 2
30 16
22 15
5 2
15 9
6 4
19 6
24 17
25 21
4 12
15 27
18 15
0 10
15 5
28 6
18 4
27 5
14 27
11 31
16 26
2 15
17 1
25 23
24 4
24 5
5 29
13 4
5 14
29 22
28 14
6 16
22 11
27 18
1 19
9 27
17 28
1 21
12 9
4 11
2 26
1 20
2 16
8 21
9 2
9 29
9 31
15 4
19 27
21 15
23 1
23 11
24 21
28 13
31 22
13 30
29 7
4 16
2 0
7 31
4 26
6 31
7 16
30 13
2 31
11 5
28 16
29 11
24 7
11 27
18 6
14 23
25 3
21 9
27 15
7 15
8 20
19 28
20 6
12 23
19 30
24 10
3 15
19 3
23 14
15 31
3 30
10 9
23 0
11 19
1 25
4 27
10 3
11 8
12 24
25 17
26 11
12 30
9 19
8 1
17 30
29 12
25 14
16 2
28 9
30 26
2 28
5 13
1 16
26 8
20 31
19 17
16 6
10 19
25 2
10 5
27 13
1 0
18 12
31 25
5 21
14 31
9 7
3 22
21 7
7 27
22 29
11 4
22 31
8 23
18 10
26 14
26 3
21 0
4 28
8 26
14 30
16 13
12 26
16 7
20 0
31 29
3 13
22 8
5 25
19 18
26 23
29 17
7 14
28 15
29 14
12 27
10 28
23 16
6 18
8 0
19 15
25 10
13 11
3 23
7 22
17 7
27 23
0 15
9 22
11 0
17 3
17 24
14 28
4 23
3 20
31 17
20 12
3 26
29 20
18 13
9 25
10 30
14 2
21 19
11 21
12 0
12 4
11 24
16 10
6 20
17 6
31 19
2 1
19 31
20 9
9 0
12 21
15 23
25 22
30 17
13 28
1 23
17 4
30 8
8 24
1 10
24 1
25 12
31 9
0 20
3 29
11 22
7 5
0 9
2 17
9 1
10 8
13 1
27 3
10 26
5 27
8 31
11 30
7 1
7 21
27 7
28 7
30 9
23 12
8 25
6 1
8 7
17 0
25 7
13 6
25 5
1 22
7 20
19 12
23 30
28 27
31 24
0 31
5 22
30 24
10 6
3 0
10 29
22 18
30 11
24 2
23 19
26 22
0 29
14 5
1 26
14 9
27 6
8 15
12 22
21 31
14 24
21 10
19 4
22 3
24 13
12 8
3 28
1 18
26 10
28 11
3 18
31 26
30 28
11 20
15 28
16 31
15 24
17 15
12 11
9 4
11 25
24 0
11 2
26 17
8 6
27 22
4 25
7 3
8 5
28 23
29 25
3 12
21 3
23 3
8 3
25 20
6 30
16 5
6 15
10 22
24 23
18 16
24 6
6 27
7 24
23 22
3 31
2 30
31 15
22 2
11 26
10 21
22 13
19 7
24 11
15 1
15 14
16 14
18 0
25 15
1 29
21 11
27 16
13 9
12 1
17 27
30 18
6 28
3 14
27 9
22 7
16 12
21 5
6 2
22 4
23 2
1 28
20 14
0 11
19 26
4 30
5 24
4 19
7 28
12 2
16 23
17 9
20 4
27 14
4 15
21 4
13 7
22 1
21 12
24 18
26 16
19 0
24 22
6 22
4 2
25 13
5 16
5 23
19 29
22 21
20 3
19 13
0 14
9 8
31 28
23 20
14 1
2 19
4 0
14 4
10 31
14 11
24 14
5 31
4 20
25 16
28 22
19 8
16 1
28 19
6 3
27 24
17 5
7 18
19 14
14 0
31 12
4 18
10 27
15 0
1 17
29 9
7 23
0 12
5 17
15 26
21 14
22 20
16 4
20 19
2 20
4 22
15 8
25 11
10 17
18 27
28 4
20 8
27 8
6 24
4 21
13 25
4 29
18 5
29 16
28 26
28 8
30 25
9 28
29 21
4 13
13 23
18 2
28 21
22 12
17 16
12 5
20 15
31 27
9 26
8 4
23 13
25 4
8 28
6 25
13 12
17 2
24 15
11 28
24 9
19 5
20 13
8 2
26 19
14 25
28 18
25 18
30 22
13 24
31 7
18 3
13 3
8 16
30 14
0 16
21 20
3 2
16 9
14 26
27 20
0 18
29 10
21 30
12 7
23 6
30 27
10 2
1 15
27 19
11 6
7 6
15 11
2 9
27 26
9 16
13 8
22 9
13 5
20 17
18 25
9 20
17 25
31 23
3 1
29 19
20 27
16 8
23 5
23 18
26 2
13 10
26 15
13 21
8 29
0 28
23 17
2 13
1 27
13 26
0 17
11 9
22 0
16 11
14 13
2 23
24 31
12 19
2 24
14 21
26 1
31 30
11 10
30 6
30 5
2 21
3 10
2 11
2 29
17 29
5 4
29 4
31 6
6 13
11 29
14 22
0 7
5 12
21 28
1 8
31 5
11 18
6 12
20 30
17 23
27 1
15 22
10 16
29 3
25 31
13 20
14 20
25 0
20 26
12 18
15 21
9 15
4 10
